2024/02/12 22:14
プロジェクトの翻訳状況

            	 分節数	  単語数	文字数（空白を除く）	文字数（空白を含む）	ファイル数	
合計：         	4583	56329	    310315	    359928	    7	
未翻訳：        	4581	56327	    310296	    359909	    7	
繰り返しを除いた：   	4447	54668	    301254	    349521	    7	
繰り返しを除いた未翻訳：	4445	54666	    301235	    349502	    7	


ファイルごとの翻訳状況：

ファイル名             	すべての分節数	未翻訳分節数	繰り返しを除いた分節数	繰り返しを除いた未翻訳分節数	すべての単語数	未翻訳単語数	繰り返しを除いた単語数	繰り返しを除いた未翻訳単語数	すべての文字数（空白を除く）	未翻訳文字数（空白を除く）	繰り返しを除いた文字数（空白を除く）	繰り返しを除いた未翻訳文字数（空白を除く）	すべての文字数（空白を含む）	未翻訳文字数（空白を含む）	繰り返しを除いた文字数（空白を含む）	繰り返しを除いた未翻訳文字数（空白を含む）	
developer.po      	    202	   202	        199	           199	   3101	  3101	       3062	          3062	         16343	        16343	             16129	                16129	         19164	        19164	             18917	                18917	
getting-started.po	    132	   132	        127	           127	   2225	  2225	       2120	          2120	         11806	        11806	             11128	                11128	         13758	        13758	             13003	                13003	
index.po          	     25	    25	         24	            24	    290	   290	        245	           245	          1851	         1851	              1495	                 1495	          2066	         2066	              1689	                 1689	
manpages.po       	   2639	  2637	       2532	          2530	  28982	 28980	      27735	         27733	        164982	       164963	            158791	               158772	        190207	       190188	            182930	               182911	
reference.po      	    881	   881	        872	           872	  10466	 10466	      10388	         10388	         54444	        54444	             53839	                53839	         63702	        63702	             63057	                63057	
topics.po         	    493	   493	        487	           487	   7487	  7487	       7423	          7423	         41973	        41973	             41494	                41494	         48676	        48676	             48163	                48163	
use-cases.po      	    211	   211	        206	           206	   3778	  3778	       3695	          3695	         18916	        18916	             18378	                18378	         22355	        22355	             21762	                21762	
